[Physical]
t_bar = 0.1
lambda = 0.1
start_path = RIGTH


[Simulation]
seed = 433572
n = 5001
repeats = 100
delta = 0.48526004790513255
samples = 50
samples_spacing = 1000


[Values]
eta_0 = 0.002000
eta_d = 0.019996


[Stats]
accepted = 0.362708
calc_time = 2873433
