[Physical]
t_bar = 0.15848931924611134
lambda = 0.1
start_path = RIGTH


[Simulation]
seed = 254298
n = 3155
repeats = 100
delta = 0.48529960929750604
samples = 50
samples_spacing = 1000


[Values]
eta_0 = 0.002000
eta_d = 0.019999


[Stats]
accepted = 0.362700
calc_time = 1939937
