[Physical]
t_bar = 10.0
lambda = 0.1
start_path = RIGTH


[Simulation]
seed = 998191
n = 50
repeats = 100
delta = 0.48991983548639756
samples = 50
samples_spacing = 1000


[Values]
eta_0 = 0.002000
eta_d = 0.020000


[Stats]
accepted = 0.359509
calc_time = 30865
