[Physical]
t_bar = 0.251188643150958
lambda = 0.1
start_path = RIGTH


[Simulation]
seed = 686334
n = 1991
repeats = 10
delta = 0.4852682172530751
samples = 1000
samples_spacing = 1000


[Values]
eta_0 = 0.002000
eta_d = 0.019995


[Stats]
accepted = 0.363937
calc_time = 2569794
