[Physical]
t_bar = 0.3981071705534973
lambda = 0.1
start_path = RIGTH


[Simulation]
seed = 866486
n = 1256
repeats = 10
delta = 0.4899810551652204
samples = 1000
samples_spacing = 1000


[Values]
eta_0 = 0.002000
eta_d = 0.019999


[Stats]
accepted = 0.359588
calc_time = 1621679
