[Physical]
t_bar = 0.6309573444801934
lambda = 0.1
start_path = RIGTH


[Simulation]
seed = 649015
n = 793
repeats = 10
delta = 0.48984549024459045
samples = 1000
samples_spacing = 1000


[Values]
eta_0 = 0.001999
eta_d = 0.019986


[Stats]
accepted = 0.359578
calc_time = 1021479
