[Physical]
t_bar = 1.0
lambda = 0.1
start_path = RIGTH


[Simulation]
seed = 276207
n = 501
repeats = 100
delta = 0.4895589949793281
samples = 50
samples_spacing = 1000


[Values]
eta_0 = 0.001996
eta_d = 0.019960


[Stats]
accepted = 0.359485
calc_time = 310808
