[Physical]
t_bar = 1.584893192461114
lambda = 0.1
start_path = RIGTH


[Simulation]
seed = 355026
n = 316
repeats = 100
delta = 0.4896229498258448
samples = 50
samples_spacing = 1000


[Values]
eta_0 = 0.001997
eta_d = 0.019967


[Stats]
accepted = 0.359476
calc_time = 196268
