[Physical]
t_bar = 2.511886431509581
lambda = 0.1
start_path = RIGTH


[Simulation]
seed = 639427
n = 200
repeats = 100
delta = 0.48892670875699734
samples = 50
samples_spacing = 1000


[Values]
eta_0 = 0.001991
eta_d = 0.019905


[Stats]
accepted = 0.359413
calc_time = 123847
