[Physical]
t_bar = 3.981071705534973
lambda = 0.1
start_path = RIGTH


[Simulation]
seed = 500784
n = 126
repeats = 100
delta = 0.4892799850706893
samples = 50
samples_spacing = 1000


[Values]
eta_0 = 0.001994
eta_d = 0.019936


[Stats]
accepted = 0.359432
calc_time = 78472
