[Physical]
t_bar = 6.309573444801933
lambda = 0.1
start_path = RIGTH


[Simulation]
seed = 624844
n = 80
repeats = 10
delta = 0.4878559111985136
samples = 1000
samples_spacing = 1000


[Values]
eta_0 = 0.001981
eta_d = 0.019811


[Stats]
accepted = 0.359387
calc_time = 103371
