[Physical]
t_bar = 0.1
lambda = 10.0
start_path = RIGTH


[Simulation]
seed = 569908
n = 501
repeats = 10
delta = 0.015619493134840151
samples = 1000
samples_spacing = 1000


[Values]
eta_0 = 0.019960
eta_d = 0.001996


[Stats]
accepted = 0.356082
calc_time = 649832
