[Physical]
t_bar = 10.0
lambda = 10.0
start_path = RIGTH


[Simulation]
seed = 232985
n = 6
repeats = 10
delta = 0.014199953716443546
samples = 1000
samples_spacing = 1000


[Values]
eta_0 = 0.016667
eta_d = 0.001667


[Stats]
accepted = 0.358243
calc_time = 7740
