[Physical]
t_bar = 0.15848931924611134
lambda = 10.0
start_path = RIGTH


[Simulation]
seed = 406122
n = 316
repeats = 100
delta = 0.01562163366906521
samples = 50
samples_spacing = 1000


[Values]
eta_0 = 0.019967
eta_d = 0.001997


[Stats]
accepted = 0.356592
calc_time = 175771
