[Physical]
t_bar = 0.251188643150958
lambda = 10.0
start_path = RIGTH


[Simulation]
seed = 206054
n = 200
repeats = 10
delta = 0.015597244821103017
samples = 1000
samples_spacing = 1000


[Values]
eta_0 = 0.019905
eta_d = 0.001991


[Stats]
accepted = 0.356487
calc_time = 258678
