[Physical]
t_bar = 0.3981071705534973
lambda = 10.0
start_path = RIGTH


[Simulation]
seed = 796656
n = 126
repeats = 10
delta = 0.01560921046560804
samples = 1000
samples_spacing = 1000


[Values]
eta_0 = 0.019936
eta_d = 0.001994


[Stats]
accepted = 0.356654
calc_time = 163318
