[Physical]
t_bar = 0.6309573444801934
lambda = 10.0
start_path = RIGTH


[Simulation]
seed = 425813
n = 80
repeats = 10
delta = 0.0155572905784868
samples = 1000
samples_spacing = 1000


[Values]
eta_0 = 0.019811
eta_d = 0.001981


[Stats]
accepted = 0.356642
calc_time = 103552
