[Physical]
t_bar = 1.0
lambda = 10.0
start_path = RIGTH


[Simulation]
seed = 983281
n = 51
repeats = 10
delta = 0.015473488265538227
samples = 1000
samples_spacing = 1000


[Values]
eta_0 = 0.019608
eta_d = 0.001961


[Stats]
accepted = 0.356388
calc_time = 66494
