[Physical]
t_bar = 1.584893192461114
lambda = 10.0
start_path = RIGTH


[Simulation]
seed = 115340
n = 32
repeats = 10
delta = 0.015513703706390799
samples = 1000
samples_spacing = 1000


[Values]
eta_0 = 0.019717
eta_d = 0.001972


[Stats]
accepted = 0.356800
calc_time = 41541
