[Physical]
t_bar = 2.511886431509581
lambda = 10.0
start_path = RIGTH


[Simulation]
seed = 776806
n = 20
repeats = 100
delta = 0.015598202126510202
samples = 50
samples_spacing = 1000


[Values]
eta_0 = 0.019905
eta_d = 0.001991


[Stats]
accepted = 0.356603
calc_time = 12259
