[Physical]
t_bar = 3.981071705534973
lambda = 10.0
start_path = RIGTH


[Simulation]
seed = 810216
n = 13
repeats = 100
delta = 0.015352196887632561
samples = 50
samples_spacing = 1000


[Values]
eta_0 = 0.019322
eta_d = 0.001932


[Stats]
accepted = 0.356908
calc_time = 7943
