[Physical]
t_bar = 3.981071705534973
lambda = 10.0
start_path = RIGTH


[Simulation]
seed = 810216
n = 13
repeats = 10
delta = 0.015352196887632561
samples = 1000
samples_spacing = 1000


[Values]
eta_0 = 0.019322
eta_d = 0.001932


[Stats]
accepted = 0.357609
calc_time = 16973
