[Physical]
t_bar = 6.309573444801933
lambda = 10.0
start_path = RIGTH


[Simulation]
seed = 279303
n = 8
repeats = 10
delta = 0.01555605721058048
samples = 1000
samples_spacing = 1000


[Values]
eta_0 = 0.019811
eta_d = 0.001981


[Stats]
accepted = 0.356697
calc_time = 10375
