[Physical]
t_bar = 0.15848931924611134
lambda = 0.15848931924611134
start_path = RIGTH


[Simulation]
seed = 660894
n = 1991
repeats = 10
delta = 0.3922477943573137
samples = 1000
samples_spacing = 1000


[Values]
eta_0 = 0.003169
eta_d = 0.019995


[Stats]
accepted = 0.355991
calc_time = 2583681
