[Physical]
t_bar = 10.0
lambda = 0.15848931924611134
start_path = RIGTH


[Simulation]
seed = 711739
n = 32
repeats = 10
delta = 0.3450390270746123
samples = 1000
samples_spacing = 1000


[Values]
eta_0 = 0.003125
eta_d = 0.019717


[Stats]
accepted = 0.397977
calc_time = 41215
