[Physical]
t_bar = 0.3981071705534973
lambda = 0.15848931924611134
start_path = RIGTH


[Simulation]
seed = 793507
n = 793
repeats = 100
delta = 0.39215052657119914
samples = 50
samples_spacing = 1000


[Values]
eta_0 = 0.003168
eta_d = 0.019986


[Stats]
accepted = 0.356910
calc_time = 501406
