[Physical]
t_bar = 0.6309573444801934
lambda = 0.15848931924611134
start_path = RIGTH


[Simulation]
seed = 386404
n = 500
repeats = 10
delta = 0.39453963837460626
samples = 1000
samples_spacing = 1000


[Values]
eta_0 = 0.003170
eta_d = 0.020000


[Stats]
accepted = 0.354390
calc_time = 651733
