[Physical]
t_bar = 1.0
lambda = 0.15848931924611134
start_path = RIGTH


[Simulation]
seed = 334752
n = 316
repeats = 100
delta = 0.3919746294023052
samples = 50
samples_spacing = 1000


[Values]
eta_0 = 0.003165
eta_d = 0.019967


[Stats]
accepted = 0.356922
calc_time = 200058
