[Physical]
t_bar = 1.584893192461114
lambda = 0.15848931924611134
start_path = RIGTH


[Simulation]
seed = 504502
n = 200
repeats = 100
delta = 0.3914054484739193
samples = 50
samples_spacing = 1000


[Values]
eta_0 = 0.003155
eta_d = 0.019905


[Stats]
accepted = 0.356858
calc_time = 126777
