[Physical]
t_bar = 2.511886431509581
lambda = 0.15848931924611134
start_path = RIGTH


[Simulation]
seed = 753347
n = 126
repeats = 10
delta = 0.39170792844768276
samples = 1000
samples_spacing = 1000


[Values]
eta_0 = 0.003160
eta_d = 0.019936


[Stats]
accepted = 0.356958
calc_time = 162804
