[Physical]
t_bar = 3.981071705534973
lambda = 0.15848931924611134
start_path = RIGTH


[Simulation]
seed = 342921
n = 80
repeats = 10
delta = 0.3904922917580929
samples = 1000
samples_spacing = 1000


[Values]
eta_0 = 0.003140
eta_d = 0.019811


[Stats]
accepted = 0.356845
calc_time = 103318
