[Physical]
t_bar = 6.309573444801933
lambda = 0.15848931924611134
start_path = RIGTH


[Simulation]
seed = 523088
n = 51
repeats = 100
delta = 0.3885703632849422
samples = 50
samples_spacing = 1000


[Values]
eta_0 = 0.003108
eta_d = 0.019608


[Stats]
accepted = 0.356734
calc_time = 31835
