[Physical]
t_bar = 0.1
lambda = 0.251188643150958
start_path = RIGTH


[Simulation]
seed = 228805
n = 1991
repeats = 100
delta = 0.28192012655804083
samples = 50
samples_spacing = 1000


[Values]
eta_0 = 0.005023
eta_d = 0.019995


[Stats]
accepted = 0.390698
calc_time = 1272054
