[Physical]
t_bar = 0.15848931924611134
lambda = 0.251188643150958
start_path = RIGTH


[Simulation]
seed = 711497
n = 1256
repeats = 10
delta = 0.28193937915951023
samples = 1000
samples_spacing = 1000


[Values]
eta_0 = 0.005024
eta_d = 0.019999


[Stats]
accepted = 0.390729
calc_time = 1627476
