[Physical]
t_bar = 10.0
lambda = 0.251188643150958
start_path = RIGTH


[Simulation]
seed = 753151
n = 20
repeats = 100
delta = 0.28146601104326535
samples = 50
samples_spacing = 1000


[Values]
eta_0 = 0.005000
eta_d = 0.019905


[Stats]
accepted = 0.390492
calc_time = 12755
