[Physical]
t_bar = 0.251188643150958
lambda = 0.251188643150958
start_path = RIGTH


[Simulation]
seed = 426079
n = 793
repeats = 100
delta = 0.2818713808359184
samples = 50
samples_spacing = 1000


[Values]
eta_0 = 0.005020
eta_d = 0.019986


[Stats]
accepted = 0.390691
calc_time = 504505
