[Physical]
t_bar = 0.3981071705534973
lambda = 0.251188643150958
start_path = RIGTH


[Simulation]
seed = 471922
n = 500
repeats = 100
delta = 0.2819422345482449
samples = 50
samples_spacing = 1000


[Values]
eta_0 = 0.005024
eta_d = 0.020000


[Stats]
accepted = 0.390698
calc_time = 319074
