[Physical]
t_bar = 0.6309573444801934
lambda = 0.251188643150958
start_path = RIGTH


[Simulation]
seed = 682229
n = 316
repeats = 100
delta = 0.28177526683428583
samples = 50
samples_spacing = 1000


[Values]
eta_0 = 0.005015
eta_d = 0.019967


[Stats]
accepted = 0.390642
calc_time = 201173
