[Physical]
t_bar = 1.0
lambda = 0.251188643150958
start_path = RIGTH


[Simulation]
seed = 70949
n = 200
repeats = 100
delta = 0.2814436796669388
samples = 50
samples_spacing = 1000


[Values]
eta_0 = 0.005000
eta_d = 0.019905


[Stats]
accepted = 0.390506
calc_time = 127689
