[Physical]
t_bar = 1.584893192461114
lambda = 0.251188643150958
start_path = RIGTH


[Simulation]
seed = 259199
n = 126
repeats = 100
delta = 0.2815779078073469
samples = 50
samples_spacing = 1000


[Values]
eta_0 = 0.005008
eta_d = 0.019936


[Stats]
accepted = 0.390543
calc_time = 80378
