[Physical]
t_bar = 2.511886431509581
lambda = 0.251188643150958
start_path = RIGTH


[Simulation]
seed = 688842
n = 80
repeats = 100
delta = 0.28097176043755107
samples = 50
samples_spacing = 1000


[Values]
eta_0 = 0.004976
eta_d = 0.019811


[Stats]
accepted = 0.390306
calc_time = 50936
