[Physical]
t_bar = 3.981071705534973
lambda = 0.251188643150958
start_path = RIGTH


[Simulation]
seed = 43548
n = 50
repeats = 100
delta = 0.28196306723265313
samples = 50
samples_spacing = 1000


[Values]
eta_0 = 0.005024
eta_d = 0.020000


[Stats]
accepted = 0.390677
calc_time = 31905
