[Physical]
t_bar = 6.309573444801933
lambda = 0.251188643150958
start_path = RIGTH


[Simulation]
seed = 633012
n = 32
repeats = 10
delta = 0.28046519168000006
samples = 1000
samples_spacing = 1000


[Values]
eta_0 = 0.004953
eta_d = 0.019717


[Stats]
accepted = 0.390062
calc_time = 43741
