[Physical]
t_bar = 0.1
lambda = 0.3981071705534973
start_path = RIGTH


[Simulation]
seed = 44695
n = 1256
repeats = 100
delta = 0.23591998450285714
samples = 50
samples_spacing = 1000


[Values]
eta_0 = 0.007962
eta_d = 0.019999


[Stats]
accepted = 0.372918
calc_time = 806106
