[Physical]
t_bar = 0.15848931924611134
lambda = 0.3981071705534973
start_path = RIGTH


[Simulation]
seed = 576291
n = 793
repeats = 10
delta = 0.23585227920000001
samples = 1000
samples_spacing = 1000


[Values]
eta_0 = 0.007957
eta_d = 0.019986


[Stats]
accepted = 0.373568
calc_time = 1028081
