[Physical]
t_bar = 10.0
lambda = 0.3981071705534973
start_path = RIGTH


[Simulation]
seed = 370526
n = 13
repeats = 100
delta = 0.23259500386742857
samples = 50
samples_spacing = 1000


[Values]
eta_0 = 0.007692
eta_d = 0.019322


[Stats]
accepted = 0.371949
calc_time = 8260
