[Physical]
t_bar = 0.251188643150958
lambda = 0.3981071705534973
start_path = RIGTH


[Simulation]
seed = 290652
n = 500
repeats = 100
delta = 0.23592428050416334
samples = 50
samples_spacing = 1000


[Values]
eta_0 = 0.007962
eta_d = 0.020000


[Stats]
accepted = 0.372949
calc_time = 319931
