[Physical]
t_bar = 0.3981071705534973
lambda = 0.3981071705534973
start_path = RIGTH


[Simulation]
seed = 275292
n = 316
repeats = 10
delta = 0.2357685311111837
samples = 1000
samples_spacing = 1000


[Values]
eta_0 = 0.007949
eta_d = 0.019967


[Stats]
accepted = 0.373132
calc_time = 409278
