[Physical]
t_bar = 0.6309573444801934
lambda = 0.3981071705534973
start_path = RIGTH


[Simulation]
seed = 924319
n = 200
repeats = 100
delta = 0.23547856159346944
samples = 50
samples_spacing = 1000


[Values]
eta_0 = 0.007924
eta_d = 0.019905


[Stats]
accepted = 0.372761
calc_time = 129763
