[Physical]
t_bar = 1.0
lambda = 0.3981071705534973
start_path = RIGTH


[Simulation]
seed = 92717
n = 126
repeats = 100
delta = 0.23561657500734695
samples = 50
samples_spacing = 1000


[Values]
eta_0 = 0.007937
eta_d = 0.019936


[Stats]
accepted = 0.372835
calc_time = 81851
