[Physical]
t_bar = 1.584893192461114
lambda = 0.3981071705534973
start_path = RIGTH


[Simulation]
seed = 374998
n = 80
repeats = 100
delta = 0.23501172449306124
samples = 50
samples_spacing = 1000


[Values]
eta_0 = 0.007887
eta_d = 0.019811


[Stats]
accepted = 0.372624
calc_time = 52591
