[Physical]
t_bar = 2.511886431509581
lambda = 0.3981071705534973
start_path = RIGTH


[Simulation]
seed = 677589
n = 50
repeats = 100
delta = 0.23593584518204086
samples = 50
samples_spacing = 1000


[Values]
eta_0 = 0.007962
eta_d = 0.020000


[Stats]
accepted = 0.372936
calc_time = 32487
