[Physical]
t_bar = 3.981071705534973
lambda = 0.3981071705534973
start_path = RIGTH


[Simulation]
seed = 816168
n = 32
repeats = 10
delta = 0.2345483644604082
samples = 1000
samples_spacing = 1000


[Values]
eta_0 = 0.007850
eta_d = 0.019717


[Stats]
accepted = 0.372529
calc_time = 41396
