[Physical]
t_bar = 6.309573444801933
lambda = 0.3981071705534973
start_path = RIGTH


[Simulation]
seed = 554692
n = 20
repeats = 100
delta = 0.23543495234742864
samples = 50
samples_spacing = 1000


[Values]
eta_0 = 0.007924
eta_d = 0.019905


[Stats]
accepted = 0.372797
calc_time = 12858
