[Physical]
t_bar = 0.1
lambda = 0.6309573444801934
start_path = RIGTH


[Simulation]
seed = 716132
n = 793
repeats = 100
delta = 0.19366117286008164
samples = 50
samples_spacing = 1000


[Values]
eta_0 = 0.012610
eta_d = 0.019986


[Stats]
accepted = 0.361798
calc_time = 489150
