[Physical]
t_bar = 0.15848931924611134
lambda = 0.6309573444801934
start_path = RIGTH


[Simulation]
seed = 771066
n = 500
repeats = 100
delta = 0.19371491151673476
samples = 50
samples_spacing = 1000


[Values]
eta_0 = 0.012619
eta_d = 0.020000


[Stats]
accepted = 0.361831
calc_time = 320747
