[Physical]
t_bar = 10.0
lambda = 0.6309573444801934
start_path = RIGTH


[Simulation]
seed = 784084
n = 8
repeats = 10
delta = 0.1929013846791837
samples = 1000
samples_spacing = 1000


[Values]
eta_0 = 0.012500
eta_d = 0.019811


[Stats]
accepted = 0.361583
calc_time = 10436
