[Physical]
t_bar = 0.251188643150958
lambda = 0.6309573444801934
start_path = RIGTH


[Simulation]
seed = 668256
n = 316
repeats = 10
delta = 0.1935862205714286
samples = 1000
samples_spacing = 1000


[Values]
eta_0 = 0.012598
eta_d = 0.019967


[Stats]
accepted = 0.362067
calc_time = 408093
