[Physical]
t_bar = 0.3981071705534973
lambda = 0.6309573444801934
start_path = RIGTH


[Simulation]
seed = 22578
n = 200
repeats = 100
delta = 0.19330522775118372
samples = 50
samples_spacing = 1000


[Values]
eta_0 = 0.012559
eta_d = 0.019905


[Stats]
accepted = 0.361730
calc_time = 128081
