[Physical]
t_bar = 0.3981071705534973
lambda = 0.6309573444801934
start_path = RIGTH


[Simulation]
seed = 22578
n = 200
repeats = 10
delta = 0.19330522775118372
samples = 1000
samples_spacing = 1000


[Values]
eta_0 = 0.012559
eta_d = 0.019905


[Stats]
accepted = 0.361832
calc_time = 257991
