[Physical]
t_bar = 0.6309573444801934
lambda = 0.6309573444801934
start_path = RIGTH


[Simulation]
seed = 131742
n = 126
repeats = 100
delta = 0.1934374147631021
samples = 50
samples_spacing = 1000


[Values]
eta_0 = 0.012579
eta_d = 0.019936


[Stats]
accepted = 0.361763
calc_time = 81191
