[Physical]
t_bar = 1.0
lambda = 0.6309573444801934
start_path = RIGTH


[Simulation]
seed = 880720
n = 80
repeats = 10
delta = 0.19286576825469393
samples = 1000
samples_spacing = 1000


[Values]
eta_0 = 0.012500
eta_d = 0.019811


[Stats]
accepted = 0.361691
calc_time = 103431
