[Physical]
t_bar = 1.584893192461114
lambda = 0.6309573444801934
start_path = RIGTH


[Simulation]
seed = 205148
n = 50
repeats = 100
delta = 0.19370759344653066
samples = 50
samples_spacing = 1000


[Values]
eta_0 = 0.012619
eta_d = 0.020000


[Stats]
accepted = 0.361834
calc_time = 32280
