[Physical]
t_bar = 2.511886431509581
lambda = 0.6309573444801934
start_path = RIGTH


[Simulation]
seed = 244963
n = 32
repeats = 100
delta = 0.19246710918530613
samples = 50
samples_spacing = 1000


[Values]
eta_0 = 0.012441
eta_d = 0.019717


[Stats]
accepted = 0.361653
calc_time = 20547
