[Physical]
t_bar = 3.981071705534973
lambda = 0.6309573444801934
start_path = RIGTH


[Simulation]
seed = 913823
n = 20
repeats = 10
delta = 0.19330447216653066
samples = 1000
samples_spacing = 1000


[Values]
eta_0 = 0.012559
eta_d = 0.019905


[Stats]
accepted = 0.361663
calc_time = 25982
