[Physical]
t_bar = 6.309573444801933
lambda = 0.6309573444801934
start_path = RIGTH


[Simulation]
seed = 570907
n = 13
repeats = 100
delta = 0.19078274303477555
samples = 50
samples_spacing = 1000


[Values]
eta_0 = 0.012191
eta_d = 0.019322


[Stats]
accepted = 0.361187
calc_time = 8436
