[Physical]
t_bar = 0.1
lambda = 1.0
start_path = RIGTH


[Simulation]
seed = 665133
n = 501
repeats = 100
delta = 0.1567059073567347
samples = 50
samples_spacing = 1000


[Values]
eta_0 = 0.019960
eta_d = 0.019960


[Stats]
accepted = 0.355498
calc_time = 291087
