[Physical]
t_bar = 0.15848931924611134
lambda = 1.0
start_path = RIGTH


[Simulation]
seed = 434439
n = 316
repeats = 10
delta = 0.15672924681142858
samples = 1000
samples_spacing = 1000


[Values]
eta_0 = 0.019967
eta_d = 0.019967


[Stats]
accepted = 0.355164
calc_time = 413608
