[Physical]
t_bar = 10.0
lambda = 1.0
start_path = RIGTH


[Simulation]
seed = 559131
n = 6
repeats = 100
delta = 0.1280633142857143
samples = 50
samples_spacing = 1000


[Values]
eta_0 = 0.016667
eta_d = 0.016667


[Stats]
accepted = 0.393195
calc_time = 4217
