[Physical]
t_bar = 0.251188643150958
lambda = 1.0
start_path = RIGTH


[Simulation]
seed = 667872
n = 200
repeats = 100
delta = 0.15649074470530613
samples = 50
samples_spacing = 1000


[Values]
eta_0 = 0.019905
eta_d = 0.019905


[Stats]
accepted = 0.355442
calc_time = 128697
