[Physical]
t_bar = 0.3981071705534973
lambda = 1.0
start_path = RIGTH


[Simulation]
seed = 855126
n = 126
repeats = 100
delta = 0.15661918699036737
samples = 50
samples_spacing = 1000


[Values]
eta_0 = 0.019936
eta_d = 0.019936


[Stats]
accepted = 0.355501
calc_time = 80803
