[Physical]
t_bar = 0.6309573444801934
lambda = 1.0
start_path = RIGTH


[Simulation]
seed = 125101
n = 80
repeats = 100
delta = 0.15614175073828573
samples = 50
samples_spacing = 1000


[Values]
eta_0 = 0.019811
eta_d = 0.019811


[Stats]
accepted = 0.355420
calc_time = 51401
