[Physical]
t_bar = 1.0
lambda = 1.0
start_path = RIGTH


[Simulation]
seed = 162114
n = 51
repeats = 100
delta = 0.1553803395813878
samples = 50
samples_spacing = 1000


[Values]
eta_0 = 0.019608
eta_d = 0.019608


[Stats]
accepted = 0.355310
calc_time = 32845
