[Physical]
t_bar = 1.584893192461114
lambda = 1.0
start_path = RIGTH


[Simulation]
seed = 747290
n = 32
repeats = 100
delta = 0.155806316906449
samples = 50
samples_spacing = 1000


[Values]
eta_0 = 0.019717
eta_d = 0.019717


[Stats]
accepted = 0.355312
calc_time = 19469
