[Physical]
t_bar = 2.511886431509581
lambda = 1.0
start_path = RIGTH


[Simulation]
seed = 917728
n = 20
repeats = 100
delta = 0.1565495758635102
samples = 50
samples_spacing = 1000


[Values]
eta_0 = 0.019905
eta_d = 0.019905


[Stats]
accepted = 0.355413
calc_time = 12706
