[Physical]
t_bar = 3.981071705534973
lambda = 1.0
start_path = RIGTH


[Simulation]
seed = 572949
n = 13
repeats = 10
delta = 0.15432831515102044
samples = 1000
samples_spacing = 1000


[Values]
eta_0 = 0.019322
eta_d = 0.019322


[Stats]
accepted = 0.355826
calc_time = 16842
