[Physical]
t_bar = 6.309573444801933
lambda = 1.0
start_path = RIGTH


[Simulation]
seed = 737711
n = 8
repeats = 10
delta = 0.15614326886138777
samples = 1000
samples_spacing = 1000


[Values]
eta_0 = 0.019811
eta_d = 0.019811


[Stats]
accepted = 0.355396
calc_time = 10305
