[Physical]
t_bar = 0.1
lambda = 1.584893192461114
start_path = RIGTH


[Simulation]
seed = 983608
n = 501
repeats = 100
delta = 0.09791542857142857
samples = 50
samples_spacing = 1000


[Values]
eta_0 = 0.019960
eta_d = 0.012594


[Stats]
accepted = 0.358683
calc_time = 354569
