[Physical]
t_bar = 0.15848931924611134
lambda = 1.584893192461114
start_path = RIGTH


[Simulation]
seed = 642281
n = 316
repeats = 10
delta = 0.09793645714285716
samples = 1000
samples_spacing = 1000


[Values]
eta_0 = 0.019967
eta_d = 0.012598


[Stats]
accepted = 0.358637
calc_time = 413275
