[Physical]
T_bar = 10.0
lambda = 1.584893192461114
start_path = RIGTH


[Simulation]
SEED = 397208
N = 6
repeats = 100
delta = 0.08
samples = 50
samples_spacing = 1000


[Values]
Eta_0 = 0.016667
Eta_d = 0.010516


[Stats]
Accepted = 0.396547
Calc_time = 2954
