[Physical]
t_bar = 10.0
lambda = 1.584893192461114
start_path = RIGTH


[Simulation]
seed = 397208
n = 6
repeats = 10
delta = 0.08
samples = 1000
samples_spacing = 1000


[Values]
eta_0 = 0.016667
eta_d = 0.010516


[Stats]
accepted = 0.396674
calc_time = 7892
