[Physical]
t_bar = 0.251188643150958
lambda = 1.584893192461114
start_path = RIGTH


[Simulation]
seed = 248894
n = 200
repeats = 100
delta = 0.09781097142857144
samples = 50
samples_spacing = 1000


[Values]
eta_0 = 0.019905
eta_d = 0.012559


[Stats]
accepted = 0.358596
calc_time = 140453
