[Physical]
t_bar = 0.3981071705534973
lambda = 1.584893192461114
start_path = RIGTH


[Simulation]
seed = 666780
n = 126
repeats = 10
delta = 0.09787885714285714
samples = 1000
samples_spacing = 1000


[Values]
eta_0 = 0.019936
eta_d = 0.012579


[Stats]
accepted = 0.358717
calc_time = 165907
