[Physical]
t_bar = 0.6309573444801934
lambda = 1.584893192461114
start_path = RIGTH


[Simulation]
seed = 742905
n = 80
repeats = 10
delta = 0.09762765714285715
samples = 1000
samples_spacing = 1000


[Values]
eta_0 = 0.019811
eta_d = 0.012500


[Stats]
accepted = 0.358425
calc_time = 105721
