[Physical]
t_bar = 1.0
lambda = 1.584893192461114
start_path = RIGTH


[Simulation]
seed = 998738
n = 51
repeats = 100
delta = 0.09720777142857143
samples = 50
samples_spacing = 1000


[Values]
eta_0 = 0.019608
eta_d = 0.012372


[Stats]
accepted = 0.358139
calc_time = 36459
