[Physical]
t_bar = 1.584893192461114
lambda = 1.584893192461114
start_path = RIGTH


[Simulation]
seed = 80206
n = 32
repeats = 100
delta = 0.09743245714285716
samples = 50
samples_spacing = 1000


[Values]
eta_0 = 0.019717
eta_d = 0.012441


[Stats]
accepted = 0.358337
calc_time = 22897
