[Physical]
t_bar = 2.511886431509581
lambda = 1.584893192461114
start_path = RIGTH


[Simulation]
seed = 434799
n = 20
repeats = 100
delta = 0.09781714285714287
samples = 50
samples_spacing = 1000


[Values]
eta_0 = 0.019905
eta_d = 0.012559


[Stats]
accepted = 0.358622
calc_time = 14252
