[Physical]
t_bar = 3.981071705534973
lambda = 1.584893192461114
start_path = RIGTH


[Simulation]
seed = 517177
n = 13
repeats = 10
delta = 0.09662674285714286
samples = 1000
samples_spacing = 1000


[Values]
eta_0 = 0.019322
eta_d = 0.012191


[Stats]
accepted = 0.358400
calc_time = 16874
