[Physical]
t_bar = 6.309573444801933
lambda = 1.584893192461114
start_path = RIGTH


[Simulation]
seed = 460010
n = 8
repeats = 100
delta = 0.09763611428571428
samples = 50
samples_spacing = 1000


[Values]
eta_0 = 0.019811
eta_d = 0.012500


[Stats]
accepted = 0.358504
calc_time = 5729
