[Physical]
T_bar = 0.1
lambda = 2.511886431509581
start_path = RIGTH


[Simulation]
SEED = 612410
N = 501
repeats = 100
delta = 0.08
samples = 50
samples_spacing = 1000


[Values]
Eta_0 = 0.019960
Eta_d = 0.007946


[Stats]
Accepted = 0.280023
Calc_time = 236858
