[Physical]
t_bar = 0.15848931924611134
lambda = 2.511886431509581
start_path = RIGTH


[Simulation]
seed = 349185
n = 316
repeats = 10
delta = 0.08
samples = 1000
samples_spacing = 1000


[Values]
eta_0 = 0.019967
eta_d = 0.007949


[Stats]
accepted = 0.280040
calc_time = 413678
