[Physical]
T_bar = 0.15848931924611134
lambda = 2.511886431509581
start_path = RIGTH


[Simulation]
SEED = 349185
N = 316
repeats = 100
delta = 0.08
samples = 50
samples_spacing = 1000


[Values]
Eta_0 = 0.019967
Eta_d = 0.007949


[Stats]
Accepted = 0.280053
Calc_time = 149883
