[Physical]
T_bar = 10.0
lambda = 2.511886431509581
start_path = RIGTH


[Simulation]
SEED = 698104
N = 6
repeats = 100
delta = 0.08
samples = 50
samples_spacing = 1000


[Values]
Eta_0 = 0.016667
Eta_d = 0.006635


[Stats]
Accepted = 0.256259
Calc_time = 2902
