[Physical]
T_bar = 0.3981071705534973
lambda = 2.511886431509581
start_path = RIGTH


[Simulation]
SEED = 733232
N = 126
repeats = 100
delta = 0.08
samples = 50
samples_spacing = 1000


[Values]
Eta_0 = 0.019936
Eta_d = 0.007937


[Stats]
Accepted = 0.279868
Calc_time = 60296
