[Physical]
t_bar = 0.3981071705534973
lambda = 2.511886431509581
start_path = RIGTH


[Simulation]
seed = 733232
n = 126
repeats = 10
delta = 0.08
samples = 1000
samples_spacing = 1000


[Values]
eta_0 = 0.019936
eta_d = 0.007937


[Stats]
accepted = 0.279849
calc_time = 164571
