[Physical]
T_bar = 0.6309573444801934
lambda = 2.511886431509581
start_path = RIGTH


[Simulation]
SEED = 674156
N = 80
repeats = 100
delta = 0.08
samples = 50
samples_spacing = 1000


[Values]
Eta_0 = 0.019811
Eta_d = 0.007887


[Stats]
Accepted = 0.278993
Calc_time = 38116
