[Physical]
t_bar = 0.6309573444801934
lambda = 2.511886431509581
start_path = RIGTH


[Simulation]
seed = 674156
n = 80
repeats = 10
delta = 0.08
samples = 1000
samples_spacing = 1000


[Values]
eta_0 = 0.019811
eta_d = 0.007887


[Stats]
accepted = 0.278958
calc_time = 104487
