[Physical]
t_bar = 1.0
lambda = 2.511886431509581
start_path = RIGTH


[Simulation]
seed = 52061
n = 51
repeats = 10
delta = 0.08
samples = 1000
samples_spacing = 1000


[Values]
eta_0 = 0.019608
eta_d = 0.007806


[Stats]
accepted = 0.277496
calc_time = 66534
