[Physical]
T_bar = 1.0
lambda = 2.511886431509581
start_path = RIGTH


[Simulation]
SEED = 52061
N = 51
repeats = 100
delta = 0.08
samples = 50
samples_spacing = 1000


[Values]
Eta_0 = 0.019608
Eta_d = 0.007806


[Stats]
Accepted = 0.277594
Calc_time = 24486
