[Physical]
T_bar = 1.584893192461114
lambda = 2.511886431509581
start_path = RIGTH


[Simulation]
SEED = 225227
N = 32
repeats = 100
delta = 0.08
samples = 50
samples_spacing = 1000


[Values]
Eta_0 = 0.019717
Eta_d = 0.007850


[Stats]
Accepted = 0.278364
Calc_time = 15362
