[Physical]
t_bar = 1.584893192461114
lambda = 2.511886431509581
start_path = RIGTH


[Simulation]
seed = 225227
n = 32
repeats = 10
delta = 0.08
samples = 1000
samples_spacing = 1000


[Values]
eta_0 = 0.019717
eta_d = 0.007850


[Stats]
accepted = 0.278363
calc_time = 41770
