[Physical]
T_bar = 2.511886431509581
lambda = 2.511886431509581
start_path = RIGTH


[Simulation]
SEED = 7179
N = 20
repeats = 100
delta = 0.08
samples = 50
samples_spacing = 1000


[Values]
Eta_0 = 0.019905
Eta_d = 0.007924


[Stats]
Accepted = 0.279671
Calc_time = 9635
