[Physical]
t_bar = 2.511886431509581
lambda = 2.511886431509581
start_path = RIGTH


[Simulation]
seed = 7179
n = 20
repeats = 10
delta = 0.08
samples = 1000
samples_spacing = 1000


[Values]
eta_0 = 0.019905
eta_d = 0.007924


[Stats]
accepted = 0.279783
calc_time = 26059
