[Physical]
t_bar = 3.981071705534973
lambda = 2.511886431509581
start_path = RIGTH


[Simulation]
seed = 709089
n = 13
repeats = 10
delta = 0.08
samples = 1000
samples_spacing = 1000


[Values]
eta_0 = 0.019322
eta_d = 0.007692


[Stats]
accepted = 0.275479
calc_time = 17097
