[Physical]
T_bar = 3.981071705534973
lambda = 2.511886431509581
start_path = RIGTH


[Simulation]
SEED = 709089
N = 13
repeats = 100
delta = 0.08
samples = 50
samples_spacing = 1000


[Values]
Eta_0 = 0.019322
Eta_d = 0.007692


[Stats]
Accepted = 0.275609
Calc_time = 6228
