[Physical]
T_bar = 6.309573444801933
lambda = 2.511886431509581
start_path = RIGTH


[Simulation]
SEED = 552846
N = 8
repeats = 100
delta = 0.08
samples = 50
samples_spacing = 1000


[Values]
Eta_0 = 0.019811
Eta_d = 0.007887


[Stats]
Accepted = 0.279001
Calc_time = 3862
