[Physical]
t_bar = 0.1
lambda = 3.981071705534973
start_path = RIGTH


[Simulation]
seed = 510893
n = 501
repeats = 100
delta = 0.040451428571428576
samples = 50
samples_spacing = 1000


[Values]
eta_0 = 0.019960
eta_d = 0.005014


[Stats]
accepted = 0.346568
calc_time = 339836
