[Physical]
t_bar = 0.1
lambda = 3.981071705534973
start_path = RIGTH


[Simulation]
seed = 510893
n = 501
repeats = 10
delta = 0.040451428571428576
samples = 1000
samples_spacing = 1000


[Values]
eta_0 = 0.019960
eta_d = 0.005014


[Stats]
accepted = 0.346094
calc_time = 629705
