[Physical]
t_bar = 0.15848931924611134
lambda = 3.981071705534973
start_path = RIGTH


[Simulation]
seed = 887206
n = 316
repeats = 10
delta = 0.0404576
samples = 1000
samples_spacing = 1000


[Values]
eta_0 = 0.019967
eta_d = 0.005015


[Stats]
accepted = 0.346382
calc_time = 412106
