[Physical]
t_bar = 10.0
lambda = 3.981071705534973
start_path = RIGTH


[Simulation]
seed = 187656
n = 6
repeats = 100
delta = 0.036969600000000005
samples = 50
samples_spacing = 1000


[Values]
eta_0 = 0.016667
eta_d = 0.004186


[Stats]
accepted = 0.346492
calc_time = 4283
