[Physical]
t_bar = 0.251188643150958
lambda = 3.981071705534973
start_path = RIGTH


[Simulation]
seed = 408768
n = 200
repeats = 10
delta = 0.04039405714285715
samples = 1000
samples_spacing = 1000


[Values]
eta_0 = 0.019905
eta_d = 0.005000


[Stats]
accepted = 0.346499
calc_time = 260824
