[Physical]
t_bar = 0.3981071705534973
lambda = 3.981071705534973
start_path = RIGTH


[Simulation]
seed = 550522
n = 126
repeats = 10
delta = 0.04042742857142857
samples = 1000
samples_spacing = 1000


[Values]
eta_0 = 0.019936
eta_d = 0.005008


[Stats]
accepted = 0.346650
calc_time = 164310
