[Physical]
t_bar = 0.6309573444801934
lambda = 3.981071705534973
start_path = RIGTH


[Simulation]
seed = 644660
n = 80
repeats = 10
delta = 0.04029257142857143
samples = 1000
samples_spacing = 1000


[Values]
eta_0 = 0.019811
eta_d = 0.004976


[Stats]
accepted = 0.346644
calc_time = 104259
