[Physical]
t_bar = 1.0
lambda = 3.981071705534973
start_path = RIGTH


[Simulation]
seed = 697546
n = 51
repeats = 10
delta = 0.04009462857142857
samples = 1000
samples_spacing = 1000


[Values]
eta_0 = 0.019608
eta_d = 0.004925


[Stats]
accepted = 0.346258
calc_time = 66533
