[Physical]
t_bar = 1.584893192461114
lambda = 3.981071705534973
start_path = RIGTH


[Simulation]
seed = 850230
n = 32
repeats = 100
delta = 0.040204114285714285
samples = 50
samples_spacing = 1000


[Values]
eta_0 = 0.019717
eta_d = 0.004953


[Stats]
accepted = 0.346573
calc_time = 22795
