[Physical]
t_bar = 2.511886431509581
lambda = 3.981071705534973
start_path = RIGTH


[Simulation]
seed = 724752
n = 20
repeats = 100
delta = 0.040395657142857144
samples = 50
samples_spacing = 1000


[Values]
eta_0 = 0.019905
eta_d = 0.005000


[Stats]
accepted = 0.346487
calc_time = 14153
