[Physical]
t_bar = 3.981071705534973
lambda = 3.981071705534973
start_path = RIGTH


[Simulation]
seed = 702087
n = 13
repeats = 10
delta = 0.039781714285714295
samples = 1000
samples_spacing = 1000


[Values]
eta_0 = 0.019322
eta_d = 0.004854


[Stats]
accepted = 0.347320
calc_time = 17129
