[Physical]
t_bar = 6.309573444801933
lambda = 3.981071705534973
start_path = RIGTH


[Simulation]
seed = 675378
n = 8
repeats = 100
delta = 0.04030057142857143
samples = 50
samples_spacing = 1000


[Values]
eta_0 = 0.019811
eta_d = 0.004976


[Stats]
accepted = 0.346483
calc_time = 5729
