[Physical]
t_bar = 0.1
lambda = 6.309573444801933
start_path = RIGTH


[Simulation]
seed = 394475
n = 501
repeats = 10
delta = 0.025521371428571433
samples = 1000
samples_spacing = 1000


[Values]
eta_0 = 0.019960
eta_d = 0.003163


[Stats]
accepted = 0.346104
calc_time = 571729
