[Physical]
t_bar = 0.15848931924611134
lambda = 6.309573444801933
start_path = RIGTH


[Simulation]
seed = 590731
n = 316
repeats = 100
delta = 0.025525257142857145
samples = 50
samples_spacing = 1000


[Values]
eta_0 = 0.019967
eta_d = 0.003165


[Stats]
accepted = 0.346614
calc_time = 208115
