[Physical]
t_bar = 10.0
lambda = 6.309573444801933
start_path = RIGTH


[Simulation]
seed = 264892
n = 6
repeats = 100
delta = 0.023345371428571432
samples = 50
samples_spacing = 1000


[Values]
eta_0 = 0.016667
eta_d = 0.002641


[Stats]
accepted = 0.346245
calc_time = 4288
