[Physical]
t_bar = 0.251188643150958
lambda = 6.309573444801933
start_path = RIGTH


[Simulation]
seed = 47512
n = 200
repeats = 10
delta = 0.0254848
samples = 1000
samples_spacing = 1000


[Values]
eta_0 = 0.019905
eta_d = 0.003155


[Stats]
accepted = 0.346546
calc_time = 256614
