[Physical]
t_bar = 0.3981071705534973
lambda = 6.309573444801933
start_path = RIGTH


[Simulation]
seed = 600211
n = 126
repeats = 100
delta = 0.025510857142857148
samples = 50
samples_spacing = 1000


[Values]
eta_0 = 0.019936
eta_d = 0.003160


[Stats]
accepted = 0.346521
calc_time = 88707
