[Physical]
t_bar = 0.6309573444801934
lambda = 6.309573444801933
start_path = RIGTH


[Simulation]
seed = 554269
n = 80
repeats = 100
delta = 0.02542948571428572
samples = 50
samples_spacing = 1000


[Values]
eta_0 = 0.019811
eta_d = 0.003140


[Stats]
accepted = 0.346535
calc_time = 53846
