[Physical]
t_bar = 1.0
lambda = 6.309573444801933
start_path = RIGTH


[Simulation]
seed = 188697
n = 51
repeats = 100
delta = 0.025293028571428573
samples = 50
samples_spacing = 1000


[Values]
eta_0 = 0.019608
eta_d = 0.003108


[Stats]
accepted = 0.346618
calc_time = 34833
