[Physical]
t_bar = 1.584893192461114
lambda = 6.309573444801933
start_path = RIGTH


[Simulation]
seed = 572356
n = 32
repeats = 100
delta = 0.02536571428571429
samples = 50
samples_spacing = 1000


[Values]
eta_0 = 0.019717
eta_d = 0.003125


[Stats]
accepted = 0.346549
calc_time = 21817
