[Physical]
t_bar = 2.511886431509581
lambda = 6.309573444801933
start_path = RIGTH


[Simulation]
seed = 525023
n = 20
repeats = 100
delta = 0.025486857142857144
samples = 50
samples_spacing = 1000


[Values]
eta_0 = 0.019905
eta_d = 0.003155


[Stats]
accepted = 0.346590
calc_time = 13655
