[Physical]
t_bar = 3.981071705534973
lambda = 6.309573444801933
start_path = RIGTH


[Simulation]
seed = 223524
n = 13
repeats = 100
delta = 0.025109714285714287
samples = 50
samples_spacing = 1000


[Values]
eta_0 = 0.019322
eta_d = 0.003062


[Stats]
accepted = 0.346585
calc_time = 8829
