[Physical]
t_bar = 6.309573444801933
lambda = 6.309573444801933
start_path = RIGTH


[Simulation]
seed = 658803
n = 8
repeats = 10
delta = 0.025417600000000002
samples = 1000
samples_spacing = 1000


[Values]
eta_0 = 0.019811
eta_d = 0.003140


[Stats]
accepted = 0.346572
calc_time = 10269
